25_1985
================================================================================
2013 [-190.   70. -110.  120.  430.]
2014 [ 510.  360. -570.  220.  920.]
2015 [ 640. 1060.  -20.  610.  560.]
2016 [ 400.  170.  400. -210. -360.]
2017 [ 510. -460.  -30.  560.  520.]
2018 [ 670.  580.  460. -100.  590.]
2019 [-140. -150. -570. -190. -770.]
26_1985
================================================================================
2013 [ 390. -170.   40.   80.  280.]
2014 [-170. 1030.  490.  -10.  210.]
2015 [880. 960. -10. 580. 560.]
2016 [ 320.  150.  250. -110. -180.]
2017 [530. 170. 110. 520. 630.]
2018 [490. 520. 400. 100.  90.]
2019 [ -40.   90. -920. -430. -830.]
27_1985
================================================================================
2013 [ -80. -300. -130. -150.  540.]
2014 [ -40. 1360. -420.  430.  740.]
2015 [ 580.  830. -100.  450.  140.]
2016 [ 250.  200.   10. -400.  190.]
2017 [ 290. -290. -110.  750.  760.]
2018 [ 500.  290.  520. -210.  480.]
2019 [  30.  -60. -590. -290. -590.]
28_1985
================================================================================
2013 [ 390.  -70.  -90. -340.  120.]
2014 [ 170.  440.   70.  460. 1080.]
2015 [200. 560. -40. 170. 680.]
2016 [ 280.  350.  -30.  -90. -130.]
2017 [510. 110.  30. 720. 600.]
2018 [ 500.  770.  -10. -500.  460.]
2019 [ -90. -150. -740. -780. -860.]
29_1985
================================================================================
2013 [ 170.  -50.  350. -260.  450.]
2014 [1030.  330.   20.  450.  980.]
2015 [ 540.  410. -240.  210.  600.]
2016 [ 360.  -20.  -80. -350. -110.]
2017 [ 150. -220. -130.  810.  350.]
2018 [ 370.  310.  180. -160.  380.]
2019 [-400. -270. -660. -200. -850.]
30_1985
================================================================================
2013 [ -10.   90.  150. -160.  870.]
2014 [ 10. 830.  60. -30. 450.]
2015 [280. 580. -20. 120. 490.]
2016 [ 260.  250.  270. -420.  200.]
2017 [ 490. -250. -290.  460.  450.]
2018 [ 160.  220.  230. -230.  290.]
2019 [ -30.  110. -440. -390. -820.]
31_1985
================================================================================
2013 [-240.  130. -330.  330.  790.]
2014 [ -30. -170. -690. -570.  140.]
2015 [-380. -180. -810. -430. -460.]
2016 [ 150.   40.  300. -430. -620.]
2017 [ 380. -160. -200.  880.  220.]
2018 [ 730.  830. -130.  280.  830.]
2019 [   30.   280.   -20.  -890. -1510.]
28_2002
================================================================================
2013 [ 250. -100.  -30.  -70.  310.]
2014 [ 860. 1110.  540.  750. 1040.]
2015 [170. 610. 210. 470. 850.]
2016 [390. 200. 100. -10. 140.]
2017 [1040.  210.  260.  980. 1140.]
2018 [ -40.  150.   60. -340.  120.]
2019 [ -310.    40. -1060.  -700. -1000.]
29_2002
================================================================================
2013 [ 170.  350.  100. -210.  770.]
2014 [-230. 1100.  380.  990.  870.]
2015 [600. 480. -70. 380. 440.]
2016 [ 150.  -30.  170. -400. -100.]
2017 [ 790.  280. -100.  890.  670.]
2018 [130.  70. 230.  70. 510.]
2019 [ -30. -150. -620. -520. -960.]
30_2002
================================================================================
2013 [ 280. -190.  -10. -290.  260.]
2014 [ 320.  300. -210.  350. 1280.]
2015 [ 670.  660. -130.  320.  800.]
2016 [ 130.  200.  370. -120. -360.]
2017 [ 970.  120.  280. 1200. 1210.]
2018 [-120.  170.   50.  -90.  180.]
2019 [ -40. -370. -890. -740. -750.]
25_1985
================================================================================
26_1985
================================================================================
27_1985
================================================================================
28_1985
================================================================================
29_1985
================================================================================
30_1985
================================================================================
31_1985
================================================================================
28_2002
================================================================================
29_2002
================================================================================
30_2002
================================================================================
25\_1985 & 7.417142857142858 & 10.251842641741066 & 19\\ \hline
26\_1985 & 8.0 & 8.953758759223264 & 21\\ \hline
27\_1985 & 6.377142857142856 & 7.604389709709968 & 19\\ \hline
28\_1985 & 5.428571428571429 & 10.771693820152057 & 18\\ \hline
29\_1985 & 5.085714285714286 & 8.069898717215876 & 18\\ \hline
30\_1985 & 4.834285714285715 & 6.868523888592312 & 18\\ \hline
31\_1985 & -2.1828571428571424 & 7.919958771280031 & 11\\ \hline
28\_2002 & 9.531428571428568 & 8.652900422071532 & 22\\ \hline
29\_2002 & 8.194285714285714 & 8.405137398869666 & 21\\ \hline
30\_2002 & 6.639999999999999 & 7.315303500615846 & 21\\ \hline
[[ 2.57142857e+01  1.62857143e+01  9.71428571e+00  1.45714286e+01  5.42857143e+00 -1.08571429e+01  1.91428571e+01  2.00000000e+00  2.42857143e+01  8.57142857e+00 -2.28571429e+00 -7.42857143e+00  1.68571429e+01 -2.28571429e+00 -4.28571429e+00  2.85714286e-01  1.42857143e+00 -7.42857143e+00  1.45714286e+01  3.71428571e+00  8.57142857e-01  2.37142857e+01  1.31428571e+01  1.17142857e+01  8.00000000e+00]
 [ 4.28571429e+00  1.37142857e+01  5.42857143e+00  1.17142857e+01  4.85714286e+00 -1.02857143e+01 -2.28571429e+00  1.71428571e+01  9.14285714e+00  3.14285714e+00  5.14285714e+00 -2.57142857e+00  1.65714286e+01  8.57142857e-01 -5.71428571e-01  9.42857143e+00  7.71428571e+00  2.85714286e-01  7.14285714e+00  2.85714286e+00  8.85714286e+00  3.22857143e+01  2.25714286e+01  2.02857143e+01  1.22857143e+01]
 [ 8.28571429e+00  1.51428571e+01 -2.57142857e+00  7.14285714e+00  6.57142857e+00 -1.42857143e+00  1.22857143e+01  1.62857143e+01  2.85714286e+00  1.08571429e+01  1.14285714e+00  2.85714286e-01  1.28571429e+01  1.28571429e+01 -2.28571429e+00  8.28571429e+00 -2.85714286e+00  7.42857143e+00 -7.14285714e+00  9.14285714e+00 -4.28571429e+00  3.42857143e+00  2.65714286e+01  7.42857143e+00  1.11428571e+01]
 [ 1.54285714e+01  1.91428571e+01  2.57142857e+00  3.71428571e+00  2.85714286e+00  1.71428571e+00  7.42857143e+00  6.00000000e+00  7.14285714e+00  4.57142857e+00 -4.28571429e+00 -4.85714286e+00  2.22857143e+01 -1.42857143e+01  5.42857143e+00  2.85714286e-01 -3.71428571e+00  5.42857143e+00 -2.00000000e+00 -9.71428571e+00 -8.85714286e+00  2.05714286e+01  6.28571429e+00  2.71428571e+01  2.54285714e+01]
 [ 1.48571429e+01  1.17142857e+01 -5.14285714e+00 -5.71428571e-01 -2.85714286e+00  2.57142857e+00  1.17142857e+01  1.02857143e+01  1.54285714e+01  1.05714286e+01  1.60000000e+01  3.71428571e+00  9.14285714e+00 -1.25714286e+01 -9.42857143e+00 -1.42857143e+00  1.14285714e+00 -8.00000000e+00  1.14285714e+00  6.85714286e+00  9.42857143e+00  8.57142857e+00  1.48571429e+01  9.71428571e+00  9.42857143e+00]
 [ 5.14285714e+00  9.71428571e+00  6.00000000e+00  8.28571429e+00  6.28571429e+00  1.42857143e+00  1.40000000e+01 -3.42857143e+00  8.85714286e+00  2.85714286e+00  4.57142857e+00 -1.14285714e+00  1.71428571e+00  1.05714286e+01  5.14285714e+00 -2.00000000e+00  3.14285714e+00 -5.71428571e+00 -3.71428571e+00 -5.71428571e+00 -2.57142857e+00  1.34285714e+01  6.00000000e+00  1.82857143e+01  1.97142857e+01]
 [ 2.85714286e-01 -1.42857143e+00 -4.44089210e-16  2.00000000e+00 -4.28571429e+00 -1.48571429e+01 -7.42857143e+00  2.00000000e+00  4.28571429e+00 -7.71428571e+00  4.57142857e+00  2.28571429e+00  1.02857143e+01 -1.20000000e+01 -1.20000000e+01 -9.14285714e+00 -1.48571429e+01 -3.42857143e+00 -2.85714286e+00 -8.57142857e+00 -1.14285714e+01  1.74285714e+01  3.42857143e+00  5.42857143e+00  3.42857143e+00]
 [ 1.97142857e+01  2.34285714e+01  2.85714286e+00  5.71428571e+00  5.71428571e+00  4.57142857e+00  9.42857143e+00  2.20000000e+01  1.60000000e+01  7.71428571e+00  2.85714286e+00  2.28571429e+00  4.00000000e+00 -2.85714286e+00  2.85714286e-01  1.40000000e+01 -1.14285714e+00  1.05714286e+01 -1.42857143e+00  1.22857143e+01  6.00000000e+00  1.31428571e+01  3.17142857e+01  2.08571429e+01  8.57142857e+00]
 [ 1.85714286e+01  1.45714286e+01  5.14285714e+00  1.74285714e+01  3.14285714e+01 -5.71428571e-01  8.57142857e+00  1.34285714e+01  1.54285714e+01  5.71428571e+00 -4.00000000e+00  5.71428571e+00  1.37142857e+01  2.85714286e+00 -4.57142857e+00  5.71428571e+00  3.71428571e+00  8.57142857e-01  2.28571429e+00 -4.57142857e+00  1.00000000e+01  1.45714286e+01  3.14285714e+00  7.71428571e+00  1.80000000e+01]
 [ 9.42857143e+00  1.05714286e+01  1.37142857e+01  1.02857143e+01  5.71428571e-01  1.14285714e+00  3.71428571e+00  5.14285714e+00  4.00000000e+00  9.71428571e+00  3.71428571e+00  4.00000000e+00  1.05714286e+01 -6.57142857e+00 -3.42857143e+00 -1.14285714e+00  8.57142857e+00 -2.57142857e+00  5.71428571e-01  6.28571429e+00  3.42857143e+00  1.85714286e+01  1.11428571e+01  2.14285714e+01  2.31428571e+01]]
MEANS [ 7.41714286  8.          6.37714286  5.42857143  5.08571429  4.83428571 -2.18285714  9.53142857  8.19428571  6.64      ]
S [10.46  9.14  7.76 10.99  8.24  7.01  8.08  8.83  8.58  7.47]
Kruskal-Wallis H-test
p: 0.0022856672002350815
------------------------------------------------------------------------------------------------------------------------
Pairwise Mann-Whitney U tests
25_1985 & 0.992253 & 0.884294 & 0.641429 & 0.541045 & 0.484831 & 0.409564 & 0.002102 & 0.521951 & 0.785879 & 0.793354
26_1985 & 0.884294 & 0.992255 & 0.586901 & 0.294706 & 0.497033 & 0.228963 & 0.000195 & 0.613911 & 0.868997 & 0.662397
27_1985 & 0.641429 & 0.586901 & 0.992252 & 0.404032 & 0.876634 & 0.426257 & 0.000709 & 0.285855 & 0.497044 & 0.938133
28_1985 & 0.541045 & 0.294706 & 0.404032 & 0.992253 & 0.719618 & 0.96131 & 0.008558 & 0.115992 & 0.31764 & 0.478787
29_1985 & 0.484831 & 0.497033 & 0.876634 & 0.719618 & 0.992255 & 0.620752 & 0.005051 & 0.210725 & 0.38788 & 0.734183
30_1985 & 0.409564 & 0.228963 & 0.426257 & 0.96131 & 0.620752 & 0.992255 & 0.002635 & 0.075782 & 0.200328 & 0.38788
31_1985 & 0.002102 & 0.000195 & 0.000709 & 0.008558 & 0.005051 & 0.002635 & 0.992255 & 2.8e-05 & 0.000143 & 0.000331
28_2002 & 0.521951 & 0.613911 & 0.285855 & 0.115992 & 0.210725 & 0.075782 & 2.8e-05 & 0.992252 & 0.683627 & 0.336764
29_2002 & 0.785879 & 0.868997 & 0.497044 & 0.31764 & 0.38788 & 0.200328 & 0.000143 & 0.683627 & 0.992253 & 0.580249
30_2002 & 0.793354 & 0.662397 & 0.938133 & 0.478787 & 0.734183 & 0.38788 & 0.000331 & 0.336764 & 0.580249 & 0.992253
------------------------------------------------------------------------------------------------------------------------
MCB intervals:
s_v 8.73918690468982
[(-8.071360657043495, 3.842789228472074),
 (-7.488503514186353, 4.425646371329216),
 (-9.111360657043496, 2.802789228472072),
 (-10.059932085614925, 1.8542177999006446),
 (-10.402789228472066, 1.511360657043502),
 (-10.654217799900637, 1.2599320856149312),
 (-17.671360657043497, -5.7572107715279275),
 (-4.61993208561493, 7.294217799900639),
 (-7.294217799900639, 4.61993208561493),
 (-8.848503514186355, 3.0656463713292146)]
------------------------------------------------------------------------------------------------------------------------
