25_1985
================================================================================
2013 [ 160. -140. -250.  430.  320.]
2014 [1280.  800.  400. -520.  160.]
2015 [460. 160. 420. 500. 450.]
2016 [  30.  480. -240. -960. -310.]
2017 [340. 760. 100. 530. 440.]
2018 [-210. -390. -520. 1130.  940.]
2019 [500. 410. 340. 150. -50.]
26_1985
================================================================================
2013 [-240. -140. -140.  270.  330.]
2014 [  270.  1470.   400. -1380.  -550.]
2015 [360. 220. 270. 510. 320.]
2016 [ 300.  320. -440. -440. -280.]
2017 [500. 580. 140. 360. 440.]
2018 [-340. -610. -590. 1460.  790.]
2019 [570. 240. 200. 330.  70.]
27_1985
================================================================================
2013 [ -20. -150.  220.   10.  360.]
2014 [ -190.  1720.  1390. -1650.   150.]
2015 [220.  30. -50. 360. 400.]
2016 [ 440.  500. -230. -810.  220.]
2017 [ 310.  600. -360.  470.  430.]
2018 [-300. -340. -490. 1350.  720.]
2019 [560.  70. 240. 300. 230.]
28_1985
================================================================================
2013 [ 90. 280. 300. 310. 540.]
2014 [  770.  2200.   850. -1030.   350.]
2015 [220.  90. 320. 190. 130.]
2016 [ 640.  270. -160. -850.   70.]
2017 [560. 860.  90. 640. 440.]
2018 [-190. -550. -560.  910.  330.]
2019 [360. 240. 340. 350.  70.]
29_1985
================================================================================
2013 [-140.  120.  -30.  580.  650.]
2014 [ 870. 1590. -270. -960. 1070.]
2015 [430. 140. 270. 160. 110.]
2016 [ 270.  190. -620. -860. -150.]
2017 [ 250.  470. -100.  680.  410.]
2018 [ -390.  -300. -1140.  1230.   560.]
2019 [530. 100. -60.  90. 150.]
30_1985
================================================================================
2013 [440. -20. 340. 570. 720.]
2014 [  550.  1540.   -20. -1290.   660.]
2015 [200. 160. 310. 310. 320.]
2016 [-130.  160. -100. -810. -150.]
2017 [ 230.  500. -230.  610.  400.]
2018 [ -40. -500. -760.  930.  360.]
2019 [340. 240. -60. 200. 200.]
31_1985
================================================================================
2013 [ 950. -350.  720.  570.  710.]
2014 [ -390.  2280.   420. -1090.  -160.]
2015 [-540. -300. -380. -210. -300.]
2016 [ -40.  110. -490. -770. -270.]
2017 [ -60.  550. -350.  190.  380.]
2018 [ 200. -820. -570. 1400.  530.]
2019 [260. 530.  60. 390.  60.]
28_2002
================================================================================
2013 [-190.  -70.   50.  160.  610.]
2014 [  300.  2890.   490. -1610.  -140.]
2015 [250. 130. 660. 690. 430.]
2016 [ 370.  320.  140. -810.  -80.]
2017 [550. 910.  10. 910. 700.]
2018 [-400. -960. -690.  850.  370.]
2019 [ 280.  290. -100.  420. -100.]
29_2002
================================================================================
2013 [-140.  210.   20.  460.  570.]
2014 [ 470.  880. -250. -510.  -70.]
2015 [ 60. 170.  60. 540. 200.]
2016 [ 270.   40. -170. -430.  150.]
2017 [ 450.  600. -260.  770.  540.]
2018 [-500. -770. -830. 1050.  380.]
2019 [170.  40. 110. 240.  50.]
30_2002
================================================================================
2013 [-580.  210. -120.  570.  500.]
2014 [1340. 2080. 1410. -790.  790.]
2015 [320. 200. 280. 580. 480.]
2016 [ 500.   30. -670. -550. -470.]
2017 [ 630. 1020.   30. 1060.  670.]
2018 [  10. -720. -860.  770.  100.]
2019 [ 210. -160.  -60.   80. -150.]
25_1985
================================================================================
26_1985
================================================================================
27_1985
================================================================================
28_1985
================================================================================
29_1985
================================================================================
30_1985
================================================================================
31_1985
================================================================================
28_2002
================================================================================
29_2002
================================================================================
30_2002
================================================================================
25\_1985 & 194.07028571428566 & 58.75289560141713 & 25\\ \hline
26\_1985 & 185.17542857142857 & 71.81670438622173 & 24\\ \hline
27\_1985 & 140.90285714285713 & 56.434859685792624 & 24\\ \hline
28\_1985 & 159.57257142857145 & 52.13493151820728 & 25\\ \hline
29\_1985 & 116.27371428571429 & 56.942716175010084 & 25\\ \hline
30\_1985 & 126.1274285714286 & 70.31327240461006 & 24\\ \hline
31\_1985 & 116.492 & 54.887572970684765 & 24\\ \hline
28\_2002 & 162.64857142857144 & 69.94245097921285 & 24\\ \hline
29\_2002 & 129.08914285714286 & 57.75155236432866 & 25\\ \hline
30\_2002 & 132.9342857142857 & 62.82061691995776 & 25\\ \hline
[[228.94285714 294.88571429 133.7        267.48571429 223.14285714 277.08571429 159.05714286 174.9         86.97142857 149.9        131.37142857 170.58571429 146.82857143 220.28571429 251.98571429 191.92857143 272.41428571 258.52857143 163.92857143  72.98571429 134.72857143 229.62857143 176.42857143 203.65714286 230.4       ]
 [256.48571429 159.72857143 259.45714286 158.61428571 231.82857143 205.27142857 154.14285714 211.5        101.32857143 206.31428571 209.67142857 228.32857143  83.1        205.45714286 200.51428571 130.84285714 235.12857143 336.64285714 131.94285714 -39.35714286 151.9        233.21428571 256.91428571 148.02857143 172.38571429]
 [150.94285714 224.4        152.9        107.6        167.15714286 108.5         69.78571429 182.82857143  69.42857143 133.52857143 176.17142857 190.44285714 115.72857143 147.12857143  80.48571429 213.87142857 143.85714286 232.88571429 234.68571429  -4.8         95.15714286  97.28571429 171.         148.61428571 112.98571429]
 [186.97142857 158.58571429 248.34285714 174.31428571  96.7        249.52857143 138.28571429 196.37142857  68.98571429 154.55714286 185.24285714 208.84285714 107.38571429 118.98571429 200.95714286 190.18571429 173.92857143 203.7         83.08571429  57.24285714 117.78571429 203.35714286 195.4        169.27142857 101.3       ]
 [ 96.3        182.57142857 141.48571429 135.54285714 128.28571429 135.95714286 129.41428571 193.94285714  64.57142857  61.28571429 114.28571429  97.85714286  45.82857143  20.14285714 137.87142857 117.17142857 196.7        115.05714286  38.74285714  22.41428571 138.48571429 144.85714286 260.35714286 135.37142857  52.34285714]
 [ 34.55714286 177.7         96.45714286 114.54285714  85.          96.65714286 222.82857143 209.74285714  53.12857143 222.7          1.88571429 207.01428571  71.68571429 109.62857143 189.71428571 179.35714286 130.65714286 130.94285714 152.47142857 -21.51428571 201.34285714 106.02857143 232.85714286  88.84285714  58.95714286]
 [100.07142857  70.98571429 216.7         75.67142857 120.32857143 111.91428571 107.87142857 140.6         31.97142857 236.7        203.72857143 137.45714286  65.4        111.38571429 131.11428571 103.01428571 157.         118.07142857 131.01428571 -14.92857143  54.31428571 156.1        162.35714286  94.02857143  89.42857143]
 [156.04285714 136.51428571 260.94285714 112.44285714 140.15714286 101.78571429 178.3        206.65714286  81.94285714 206.78571429 220.97142857 104.48571429 114.02857143 153.02857143 237.95714286 142.3        216.92857143 201.77142857  95.2        -36.3        243.17142857 156.98571429 202.57142857 123.98571429 307.55714286]
 [ 69.15714286 150.67142857  64.01428571  59.6         65.97142857 150.65714286  35.12857143 229.92857143  95.85714286 149.44285714 130.52857143 181.3         83.35714286  88.7        142.52857143 147.28571429 192.5        207.25714286 100.64285714  67.71428571 110.24285714 178.3        130.47142857 122.64285714 273.32857143]
 [182.51428571  93.65714286 186.21428571 104.61428571 195.9        143.67142857 115.74285714 121.4        116.85714286 252.35714286 106.28571429  98.11428571   3.22857143  47.82857143 137.44285714 102.57142857 159.02857143 241.32857143 127.22857143  13.08571429 111.6        144.         256.11428571  96.1        166.47142857]]
MEANS [194.07028571 185.17542857 140.90285714 159.57257143 116.27371429 126.12742857 116.492      162.64857143 129.08914286 132.93428571]
S [59.96 73.3  57.6  53.21 58.12 71.76 56.02 71.38 58.94 64.12]
Kruskal-Wallis H-test
p: 5.0128477089462454e-06
------------------------------------------------------------------------------------------------------------------------
Pairwise Mann-Whitney U tests
25_1985 & 0.992255 & 0.741514 & 0.005527 & 0.054747 & 7.6e-05 & 0.001671 & 4.6e-05 & 0.103135 & 0.000735 & 0.001563
26_1985 & 0.741514 & 0.992255 & 0.010432 & 0.065289 & 0.000167 & 0.004614 & 0.000265 & 0.200338 & 0.001115 & 0.00384
27_1985 & 0.005527 & 0.010432 & 0.992255 & 0.228985 & 0.111602 & 0.426313 & 0.111602 & 0.221564 & 0.285901 & 0.600364
28_1985 & 0.054747 & 0.065289 & 0.228985 & 0.992255 & 0.008809 & 0.135171 & 0.013733 & 0.741514 & 0.045663 & 0.099098
29_1985 & 7.6e-05 & 0.000167 & 0.111602 & 0.008809 & 0.992255 & 0.68367 & 0.969045 & 0.011029 & 0.426313 & 0.521981
30_1985 & 0.001671 & 0.004614 & 0.426313 & 0.135171 & 0.68367 & 0.992255 & 0.741514 & 0.074251 & 0.953583 & 0.669479
31_1985 & 4.6e-05 & 0.000265 & 0.111602 & 0.013733 & 0.969045 & 0.741514 & 0.992255 & 0.009863 & 0.627626 & 0.331975
28_2002 & 0.103135 & 0.200338 & 0.221564 & 0.741514 & 0.011029 & 0.074251 & 0.009863 & 0.992255 & 0.043602 & 0.116036
29_2002 & 0.000735 & 0.001115 & 0.285901 & 0.045663 & 0.426313 & 0.953583 & 0.627626 & 0.043602 & 0.992255 & 0.726901
30_2002 & 0.001563 & 0.00384 & 0.600364 & 0.099098 & 0.521981 & 0.669479 & 0.331975 & 0.116036 & 0.726901 & 0.992255
------------------------------------------------------------------------------------------------------------------------
MCB intervals:
s_v 62.82016269224613
[(-33.926565622814856, 51.71627990852904),
 (-51.71627990852904, 33.926565622814856),
 (-95.98885133710047, -10.346005805756583),
 (-77.31913705138615, 8.323708479957737),
 (-120.61799419424332, -34.97514866289942),
 (-110.764279908529, -25.121434377185118),
 (-120.39970847995761, -34.75686294861371),
 (-74.24313705138616, 11.39970847995773),
 (-107.80256562281474, -22.159720091470852),
 (-103.95742276567191, -18.31457723432802)]
------------------------------------------------------------------------------------------------------------------------
