25_1985
================================================================================
2013 [ 160. -140. -250.  430.  320.]
2014 [1280.  800.  400. -520.  160.]
2015 [460. 160. 420. 500. 450.]
2016 [  30.  480. -240. -960. -310.]
2017 [340. 760. 100. 530. 440.]
2018 [-210. -390. -520. 1130.  940.]
2019 [500. 410. 340. 150. -50.]
26_1985
================================================================================
2013 [-240. -140. -140.  270.  330.]
2014 [  270.  1470.   400. -1380.  -550.]
2015 [360. 220. 270. 510. 320.]
2016 [ 300.  320. -440. -440. -280.]
2017 [500. 580. 140. 360. 440.]
2018 [-340. -610. -590. 1460.  790.]
2019 [570. 240. 200. 330.  70.]
27_1985
================================================================================
2013 [ -20. -150.  220.   10.  360.]
2014 [ -190.  1720.  1390. -1650.   150.]
2015 [220.  30. -50. 360. 400.]
2016 [ 440.  500. -230. -810.  220.]
2017 [ 310.  600. -360.  470.  430.]
2018 [-300. -340. -490. 1350.  720.]
2019 [560.  70. 240. 300. 230.]
28_1985
================================================================================
2013 [ 90. 280. 300. 310. 540.]
2014 [  770.  2200.   850. -1030.   350.]
2015 [220.  90. 320. 190. 130.]
2016 [ 640.  270. -160. -850.   70.]
2017 [560. 860.  90. 640. 440.]
2018 [-190. -550. -560.  910.  330.]
2019 [360. 240. 340. 350.  70.]
29_1985
================================================================================
2013 [-140.  120.  -30.  580.  650.]
2014 [ 870. 1590. -270. -960. 1070.]
2015 [430. 140. 270. 160. 110.]
2016 [ 270.  190. -620. -860. -150.]
2017 [ 250.  470. -100.  680.  410.]
2018 [ -390.  -300. -1140.  1230.   560.]
2019 [530. 100. -60.  90. 150.]
30_1985
================================================================================
2013 [440. -20. 340. 570. 720.]
2014 [  550.  1540.   -20. -1290.   660.]
2015 [200. 160. 310. 310. 320.]
2016 [-130.  160. -100. -810. -150.]
2017 [ 230.  500. -230.  610.  400.]
2018 [ -40. -500. -760.  930.  360.]
2019 [340. 240. -60. 200. 200.]
31_1985
================================================================================
2013 [ 950. -350.  720.  570.  710.]
2014 [ -390.  2280.   420. -1090.  -160.]
2015 [-540. -300. -380. -210. -300.]
2016 [ -40.  110. -490. -770. -270.]
2017 [ -60.  550. -350.  190.  380.]
2018 [ 200. -820. -570. 1400.  530.]
2019 [260. 530.  60. 390.  60.]
28_2002
================================================================================
2013 [-190.  -70.   50.  160.  610.]
2014 [  300.  2890.   490. -1610.  -140.]
2015 [250. 130. 660. 690. 430.]
2016 [ 370.  320.  140. -810.  -80.]
2017 [550. 910.  10. 910. 700.]
2018 [-400. -960. -690.  850.  370.]
2019 [ 280.  290. -100.  420. -100.]
29_2002
================================================================================
2013 [-140.  210.   20.  460.  570.]
2014 [ 470.  880. -250. -510.  -70.]
2015 [ 60. 170.  60. 540. 200.]
2016 [ 270.   40. -170. -430.  150.]
2017 [ 450.  600. -260.  770.  540.]
2018 [-500. -770. -830. 1050.  380.]
2019 [170.  40. 110. 240.  50.]
30_2002
================================================================================
2013 [-580.  210. -120.  570.  500.]
2014 [1340. 2080. 1410. -790.  790.]
2015 [320. 200. 280. 580. 480.]
2016 [ 500.   30. -670. -550. -470.]
2017 [ 630. 1020.   30. 1060.  670.]
2018 [  10. -720. -860.  770.  100.]
2019 [ 210. -160.  -60.   80. -150.]
25_1985
================================================================================
26_1985
================================================================================
27_1985
================================================================================
28_1985
================================================================================
29_1985
================================================================================
30_1985
================================================================================
31_1985
================================================================================
28_2002
================================================================================
29_2002
================================================================================
30_2002
================================================================================
25\_1985 & 9.257142857142856 & 10.027553875930751 & 21\\ \hline
26\_1985 & 6.365714285714286 & 9.820102663746985 & 20\\ \hline
27\_1985 & 7.668571428571428 & 14.062874557370073 & 14\\ \hline
28\_1985 & 10.822857142857144 & 12.522585636377503 & 20\\ \hline
29\_1985 & 6.742857142857142 & 10.223302713279448 & 18\\ \hline
30\_1985 & 7.062857142857143 & 11.34037972225348 & 17\\ \hline
31\_1985 & 3.68 & 11.03591761255132 & 17\\ \hline
28\_2002 & 8.72 & 12.742759769006563 & 19\\ \hline
29\_2002 & 5.222857142857143 & 10.691830182576846 & 17\\ \hline
30\_2002 & 9.988571428571428 & 9.555160588789233 & 21\\ \hline
[[ 2.57142857e+00  2.11428571e+01 -1.42857143e+00  1.77142857e+01  3.42857143e+00  1.14285714e+00  1.14285714e+00  1.85714286e+01  3.14285714e+00  1.60000000e+01 -5.71428571e+00  2.65714286e+01  2.85714286e+00  8.85714286e+00  1.71428571e+01  1.40000000e+01  2.45714286e+01  1.71428571e+00  4.57142857e+00 -7.42857143e+00 -4.85714286e+00  1.60000000e+01  1.05714286e+01  2.68571429e+01  1.22857143e+01]
 [ 2.28571429e+00  6.00000000e+00  2.31428571e+01  2.14285714e+01  1.05714286e+01 -2.00000000e+00  4.00000000e+00  2.91428571e+01  8.85714286e+00  1.34285714e+01  0.00000000e+00  1.31428571e+01  5.71428571e-01 -2.85714286e+00  1.71428571e+00  3.14285714e+00  2.54285714e+01 -9.42857143e+00  1.42857143e+00 -1.05714286e+01  3.14285714e+00  1.42857143e+00  8.28571429e+00  4.00000000e+00  2.85714286e+00]
 [-6.28571429e+00  2.08571429e+01  5.14285714e+00  2.17142857e+01  1.65714286e+01 -3.71428571e+00 -1.25714286e+01  2.42857143e+01 -8.85714286e+00  2.08571429e+01 -8.57142857e+00  3.88571429e+01  1.08571429e+01 -5.14285714e+00 -7.71428571e+00  2.00000000e+01  2.97142857e+01 -4.00000000e+00  1.54285714e+01 -5.42857143e+00  3.71428571e+00 -2.28571429e+00  2.14285714e+01  7.71428571e+00 -8.57142857e-01]
 [-3.42857143e+00  1.22857143e+01  1.82857143e+01  3.74285714e+01  6.00000000e+00  7.14285714e+00  1.77142857e+01  3.22857143e+01 -1.48571429e+01  2.34285714e+01  6.00000000e+00  3.02857143e+01  8.28571429e+00 -1.00000000e+01  1.00000000e+01  1.71428571e+01  1.91428571e+01 -8.28571429e+00  1.45714286e+01 -3.71428571e+00  6.57142857e+00  1.22857143e+01  1.22857143e+01  6.57142857e+00  1.31428571e+01]
 [-2.85714286e+00  2.28571429e+01  8.28571429e+00  4.57142857e+00  4.28571429e+00  7.71428571e+00  1.14285714e+01  3.20000000e+01  6.57142857e+00  2.40000000e+01  5.71428571e+00  1.51428571e+01  1.54285714e+01 -5.71428571e+00  7.71428571e+00 -8.57142857e-01  1.57142857e+01 -1.17142857e+01  3.71428571e+00 -5.71428571e+00 -5.14285714e+00 -4.57142857e+00  1.34285714e+01  1.71428571e+00  4.85714286e+00]
 [-4.00000000e+00  1.54285714e+01 -2.85714286e-01  1.20000000e+01 -8.57142857e-01  7.14285714e+00  7.71428571e+00  3.08571429e+01  5.71428571e-01  2.65714286e+01 -9.42857143e+00  3.14285714e+00  7.71428571e+00 -1.42857143e+00  4.28571429e+00  2.37142857e+01  2.31428571e+01 -1.05714286e+01  1.88571429e+01 -1.00000000e+01  3.42857143e+00 -5.42857143e+00  7.71428571e+00  1.17142857e+01  1.45714286e+01]
 [-9.14285714e+00 -1.34285714e+01  9.42857143e+00  6.28571429e+00  9.71428571e+00  2.00000000e+00 -2.28571429e+00  2.02857143e+01 -1.54285714e+01  2.14285714e+01  1.71428571e+00  2.25714286e+01  2.00000000e+00 -8.57142857e-01 -5.42857143e+00  9.71428571e+00  2.11428571e+01 -1.48571429e+01  5.14285714e+00 -1.08571429e+01  1.14285714e+00  6.28571429e+00  1.51428571e+01  6.28571429e+00  4.00000000e+00]
 [ 6.00000000e+00  1.48571429e+01  6.85714286e+00  8.57142857e+00  2.17142857e+01 -1.20000000e+01 -8.57142857e-01  4.05714286e+01 -1.00000000e+01  2.62857143e+01  2.85714286e-01  1.40000000e+01  1.25714286e+01 -1.14285714e+01  2.02857143e+01  1.02857143e+01  1.80000000e+01 -1.37142857e+01  2.08571429e+01 -8.57142857e-01  1.45714286e+01  3.33066907e-16  1.42857143e+01  5.14285714e+00  1.17142857e+01]
 [-1.85714286e+01 -1.71428571e+00  8.85714286e+00  1.62857143e+01 -8.57142857e-01  1.42857143e+00  9.71428571e+00  2.51428571e+01 -5.71428571e-01  1.74285714e+01 -5.14285714e+00  1.40000000e+01  1.42857143e+01 -1.65714286e+01  7.14285714e+00 -8.57142857e+00  8.85714286e+00  1.71428571e+00  8.85714286e+00 -1.42857143e+00  3.42857143e+00  1.14285714e+00  2.40000000e+01  9.71428571e+00  1.20000000e+01]
 [-3.42857143e+00  1.62857143e+01  1.40000000e+01  8.00000000e+00  1.08571429e+01 -8.00000000e+00  1.71428571e+01  1.94285714e+01 -3.14285714e+00  2.80000000e+01  1.00000000e+01  1.97142857e+01  7.42857143e+00  6.85714286e+00  1.08571429e+01  1.02857143e+01  2.17142857e+01 -1.42857143e+01  1.40000000e+01  1.71428571e+00  1.42857143e+01  8.28571429e+00  1.54285714e+01  1.91428571e+01  5.14285714e+00]]
MEANS [ 9.25714286  6.36571429  7.66857143 10.82285714  6.74285714  7.06285714  3.68        8.72        5.22285714  9.98857143]
S [10.23 10.02 14.35 12.78 10.43 11.57 11.26 13.01 10.91  9.75]
Kruskal-Wallis H-test
p: 0.4742376051822532
------------------------------------------------------------------------------------------------------------------------
Pairwise Mann-Whitney U tests
25_1985 & 0.992255 & 0.317629 & 0.534671 & 0.600303 & 0.466844 & 0.466844 & 0.130163 & 0.846154 & 0.207231 & 0.634507
26_1985 & 0.317629 & 0.992253 & 0.93042 & 0.097071 & 0.705139 & 0.808356 & 0.534632 & 0.404088 & 0.915008 & 0.084179
27_1985 & 0.534671 & 0.93042 & 0.992255 & 0.460881 & 0.984519 & 0.97678 & 0.443409 & 0.815881 & 0.815877 & 0.534642
28_1985 & 0.600303 & 0.097071 & 0.460881 & 0.992247 & 0.148256 & 0.240378 & 0.033589 & 0.662359 & 0.122883 & 0.969038
29_1985 & 0.466844 & 0.705139 & 0.984519 & 0.148256 & 0.992255 & 0.969044 & 0.38788 & 0.449223 & 0.907315 & 0.130163
30_1985 & 0.466844 & 0.808356 & 0.97678 & 0.240378 & 0.969044 & 0.992255 & 0.351668 & 0.634515 & 0.830971 & 0.221553
31_1985 & 0.130163 & 0.534632 & 0.443409 & 0.033589 & 0.38788 & 0.351668 & 0.992253 & 0.183796 & 0.655374 & 0.030497
28_2002 & 0.846154 & 0.404088 & 0.815881 & 0.662359 & 0.449223 & 0.634515 & 0.183796 & 0.992255 & 0.30375 & 0.683642
29_2002 & 0.207231 & 0.915008 & 0.815877 & 0.122883 & 0.907315 & 0.830971 & 0.655374 & 0.30375 & 0.992253 & 0.099057
30_2002 & 0.634507 & 0.084179 & 0.534642 & 0.969038 & 0.130163 & 0.221553 & 0.030497 & 0.683642 & 0.099057 & 0.992253
------------------------------------------------------------------------------------------------------------------------
MCB intervals:
s_v 11.522042761062602
[(-9.41972553068215, 6.288296959253576),
 (-12.311154102110722, 3.3968683878250054),
 (-11.00829695925358, 4.699725530682148),
 (-7.019725530682147, 8.68829695925358),
 (-11.934011244967866, 3.7740112449678618),
 (-11.614011244967864, 4.094011244967863),
 (-14.996868387825007, 0.7111541021107195),
 (-9.956868387825008, 5.75115410211072),
 (-13.454011244967864, 2.254011244967863),
 (-8.68829695925358, 7.019725530682147)]
------------------------------------------------------------------------------------------------------------------------
